OCTAVE-1
16.3
17.3
18.3
19.4
20.5
21.8
23.1
24.5
26.0
27.5
29.1
30.8
OCTAVE0
32.7
34.6
36.7
38.9
41.2
43.6
46.2
49.0
51.9
55.0
58.0
62.0
OCTAVE1
65
69
74
78
83
87
92.5
98
104
110
117
123
OCTAVE2
131
139
147
156
165
175
185
196
208
220
233
247
OCTAVE3
262
277
294
311
330
349
370
392
415
440
466
494
OCTAVE4
523
554
587
622
659
698.5
740
784
831
880
932
988
OCTAVE5
1046.5
1109
1175
1244.5
1318.5
1397
1480
1568
1661
1760
1865
1975
OCTAVE6
2093
2217
2349
2489
2637
2794
2960
3136
3322
3520
3729
3951
OCTAVE7
4186
4435
4698
4978
5274
5588
5920
6272
6645
7040
7458
7902
OCTAVE8
8372
8870
9396
9956
10548
11176
11840
12544
13290
14080
14918
15804
OCTAVE9
16744
17740
18792
19912
21098
